Template of a perfect square:
/s (-1, -1), (-1, 1)
/s (-1, 1), (1, 1)
/s (1, 1), (1, -1)
/s (1, -1), (-1, -1)

r 90

p (0, -1.25)

Level 8:
s (-12, -12), (-12, 12)
s (12, 12), (12, -12)

s (-12, 12), (-1, 12)
s (1, 12), (12, 12)
s (-12, -12), (-1, -12)
s (1, -12), (12, -12)

Level 7:
s (-10.5, -10.5), (-10.5, 10.5)
s (-10.5, 10.5), (10.5, 10.5)
s (10.5, 10.5), (10.5, -10.5)

s (-1, -10.5), (-10.5, -10.5)
s (2.5, -10.5), (10.5, -10.5)

Level 6:
s (9, 9), (9, -9)
s (9, -9), (-9, -9)

s (-9, -9), (-9, -1.5)
s (-9, 1.5), (-9, 9)
s (-9, 9), (-0.5, 9)
s (9, 9), (0.5, 9)
s (1, -9), (1, -12)

Level 5:
s (-7.5, -7.5), (-7.5, 7.5)
s (7.5, 7.5), (7.5, -7.5)

s (-7.5, 7.5), (-0.5, 7.5)
s (7.5, 7.5), (0.5, 7.5)
s (-7.5, -7.5), (-0.5, -7.5)
s (7.5, -7.5), (2, -7.5)
s (-7.5, 0), (-9, 0)

Level 4:
s (-6, -6), (-6, 6)
s (-4.5, 6), (6, 6)
s (6, -6), (-6, -6)

s (6, -6), (6, -0.5)
s (6, 0.5), (6, 6)

Level 3:
s (-4.5, -4.5), (-4.5, 4.5)

s (4.5, -4.5), (4.5, 0.5)
s (4.5, 2), (4.5, 4.5)
s (-4.5, -4.5), (-0.5, -4.5)
s (2, -4.5), (4.5, -4.5)
s (-4.5, 4.5), (-0.5, 4.5)
s (0.5, 4.5), (4.5, 4.5)

Level 2:
s (-3, -3), (-3, 3)
s (-3, 3), (3, 3)

s (3, 3), (3, 0.5)
s (3, -3), (3, -0.5)
s (-3, -3), (-0.5, -3)
s (0.5, -3), (3, -3)
s (0.5, -3), (0.5, -7.5)
s (-0.5, -3), (-0.5, -4.5)
s (3, 0.5), (7.5, 0.5)

Level 1:
s (-1.5, -1.5), (-1.5, 1.5)
s (1.5, 1.5), (1.5, -1.5)
s (1.5, -1.5), (-1.5, -1.5)

s (1.5, -0.5), (3, -0.5)
